1 0.25940625 0.45019907407407406 0.025062499999999998 0.03743518518518518
3 0.2960859375 0.6848796296296296 0.04425520833333333 0.1716111111111111
3 0.3585182291666667 0.6792916666666666 0.068078125 0.1826574074074074
3 0.322953125 0.5448148148148148 0.029239583333333333 0.11555555555555555
3 0.313296875 0.5695833333333333 0.026593750000000003 0.11324074074074074
3 0.40895833333333337 0.5904953703703704 0.023125 0.1439537037037037
4 0.45482552083333333 0.5434305555555555 0.014859375000000001 0.09241666666666667
3 0.43328385416666665 0.5918935185185186 0.035317708333333336 0.1541574074074074
3 0.44646093750000004 0.5997083333333333 0.049171875 0.15867592592592594
3 0.6005104166666667 0.6011388888888889 0.042687499999999996 0.11894444444444445
3 0.6929921875 0.5910787037037037 0.027651041666666668 0.13400925925925924
3 0.5569869791666666 0.5779814814814815 0.02959895833333333 0.15225925925925926
0 0.6781015625 0.5688611111111112 0.011411458333333334 0.019203703703703702
4 0.8126041666666667 0.6659722222222222 0.043958333333333335 0.19305555555555556
4 0.0310546875 0.6496851851851851 0.037109375 0.19566666666666666