1 0.26669791666666665 0.4520509259259259 0.025062499999999998 0.03743518518518518
3 0.21970052083333333 0.7014074074074074 0.05190104166666667 0.16392592592592592
3 0.2553619791666667 0.7055416666666667 0.04405729166666667 0.1851574074074074
3 0.3254817708333333 0.548587962962963 0.024921875 0.11939814814814814
3 0.3182109375 0.5705555555555556 0.024963541666666665 0.11703703703703704
3 0.48839583333333336 0.6176574074074074 0.034083333333333334 0.16864814814814813
4 0.4634036458333333 0.5478009259259259 0.019515624999999998 0.09560185185185185
3 0.5280885416666666 0.5909722222222222 0.039510416666666666 0.15231481481481482
3 0.5915625 0.5906481481481481 0.03625 0.15351851851851853
3 0.7077552083333334 0.5986342592592593 0.038427083333333334 0.1324537037037037
3 0.9450651041666667 0.5801944444444445 0.047421874999999995 0.15853703703703703
3 0.8818515625 0.6235138888888889 0.057453125 0.18591666666666665
0 0.9350494791666667 0.5524814814814815 0.011765625 0.017925925925925925
4 0.021940104166666665 0.6650925925925926 0.040755208333333334 0.20055555555555554