1 0.26669791666666665 0.45390277777777777 0.025062499999999998 0.03743518518518518
3 0.21861979166666667 0.7036527777777777 0.05182291666666667 0.1628611111111111
3 0.2548932291666667 0.7064675925925926 0.04624479166666667 0.1851574074074074
3 0.3291380208333334 0.5492407407407407 0.030151041666666666 0.11699999999999999
3 0.3175989583333333 0.5724166666666667 0.025822916666666664 0.11520370370370371
3 0.4804557291666667 0.6185925925925926 0.02861979166666667 0.16866666666666666
4 0.4628828125 0.5478009259259259 0.019515624999999998 0.09560185185185185
3 0.5212161458333333 0.5909351851851852 0.036182291666666665 0.15224074074074073
3 0.5648203125 0.5932777777777778 0.04943229166666666 0.15137037037037035
3 0.6881614583333333 0.5982222222222222 0.030489583333333334 0.12792592592592592
3 0.9016484375 0.5817268518518518 0.03558854166666667 0.1449351851851852
3 0.8132161458333333 0.6172592592592593 0.03372395833333333 0.1734074074074074
0 0.8814036458333334 0.5883750000000001 0.011765625 0.021194444444444446
4 0.024070312500000003 0.6600324074074074 0.04605729166666667 0.19043518518518518