1 0.26044791666666667 0.4529768518518518 0.025062499999999998 0.03743518518518518
3 0.23226822916666665 0.6982546296296296 0.049953125 0.16132407407407406
3 0.2604505208333333 0.7036111111111111 0.060484375 0.1887037037037037
3 0.32693489583333335 0.5475416666666667 0.024703125 0.11730555555555555
3 0.31433854166666664 0.5705092592592592 0.026593750000000003 0.11324074074074074
3 0.4395208333333333 0.6109305555555556 0.053000000000000005 0.15149074074074076
4 0.4553203125 0.5217638888888889 0.017932291666666666 0.04537962962962963
3 0.458484375 0.5897592592592593 0.03363541666666667 0.14988888888888888
3 0.4882109375 0.5949074074074074 0.03788020833333334 0.15648148148148147
3 0.6273932291666667 0.597287037037037 0.03916145833333333 0.12235185185185184
3 0.7611848958333333 0.5827916666666666 0.03278645833333334 0.15447222222222223
3 0.6306927083333334 0.591375 0.045760416666666665 0.15312037037037038
0 0.7390182291666666 0.6054583333333333 0.011369791666666665 0.018324074074074072
4 0.9110572916666667 0.6631296296296297 0.054406249999999996 0.1910740740740741
4 0.027841145833333334 0.647611111111111 0.03484895833333333 0.18596296296296297