1 0.26669791666666665 0.4520509259259259 0.025062499999999998 0.03743518518518518
3 0.21970052083333333 0.7014074074074074 0.05190104166666667 0.16392592592592592
3 0.2553619791666667 0.7055416666666667 0.04405729166666667 0.1851574074074074
3 0.31908333333333333 0.5505833333333333 0.020458333333333335 0.11968518518518517
3 0.32501302083333333 0.5681759259259259 0.028151041666666664 0.11598148148148149
3 0.5363125 0.6157916666666667 0.041375 0.17047222222222225
4 0.4644453125 0.5478009259259259 0.019515624999999998 0.09560185185185185
3 0.5467630208333334 0.5947037037037036 0.027901041666666668 0.15977777777777777
3 0.6556093749999999 0.5903703703703704 0.028927083333333332 0.16037037037037036
3 0.7457291666666667 0.599111111111111 0.03104166666666667 0.13525925925925927
4 0.01015625 0.674074074074074 0.0203125 0.2111111111111111