1 0.25836458333333334 0.4492731481481481 0.025062499999999998 0.03743518518518518
3 0.37702604166666664 0.6576203703703704 0.053010416666666664 0.15412962962962964
3 0.3271197916666667 0.5448148148148148 0.029239583333333333 0.11555555555555555
3 0.313296875 0.5695833333333333 0.026593750000000003 0.11324074074074074
3 0.4090390625 0.5918703703703704 0.03266145833333333 0.14855555555555555
4 0.4550703125 0.5431574074074074 0.018473958333333332 0.09557407407407408
3 0.42302343750000004 0.5991944444444445 0.03458854166666667 0.15764814814814815
3 0.470578125 0.6550185185185184 0.05573958333333333 0.17855555555555555
3 0.5752734375 0.6037777777777779 0.03700520833333333 0.12607407407407406
3 0.6427916666666668 0.599486111111111 0.03766666666666666 0.1526759259259259
3 0.5354088541666666 0.565324074074074 0.024984375 0.14546296296296296
0 0.6499270833333333 0.6200648148148148 0.012354166666666666 0.019759259259259258
4 0.7638802083333334 0.5975416666666666 0.04026041666666667 0.07100925925925926
4 0.027908854166666667 0.6496851851851851 0.030817708333333336 0.19566666666666666
3 0.4001796875 0.5819861111111111 0.020151041666666664 0.12323148148148148