1 0.26669791666666665 0.4520509259259259 0.025062499999999998 0.03743518518518518
3 0.21970052083333333 0.7014074074074074 0.05190104166666667 0.16392592592592592
3 0.2553619791666667 0.7055416666666667 0.04405729166666667 0.1851574074074074
3 0.31908333333333333 0.5505833333333333 0.020458333333333335 0.11968518518518517
3 0.32328645833333336 0.5681759259259259 0.024697916666666667 0.11598148148148149
3 0.5322109375 0.6157916666666667 0.033171874999999997 0.17047222222222225
4 0.4644453125 0.5478009259259259 0.019515624999999998 0.09560185185185185
3 0.5461744791666666 0.594875 0.026723958333333336 0.16012037037037039
3 0.6517499999999999 0.5903703703703704 0.036833333333333336 0.16037037037037036
3 0.7435989583333333 0.5983842592592593 0.031989583333333335 0.13380555555555554
4 0.0112265625 0.670962962962963 0.022453125 0.21044444444444443