1 0.26044791666666667 0.4529768518518518 0.025062499999999998 0.03743518518518518
3 0.23486458333333332 0.6992638888888889 0.05202083333333333 0.17074999999999999
3 0.2652057291666667 0.7063194444444445 0.060619791666666666 0.18486111111111111
3 0.3258932291666667 0.5475416666666667 0.024703125 0.11730555555555555
3 0.313296875 0.5714351851851852 0.026593750000000003 0.11324074074074074
3 0.43905208333333334 0.6100694444444444 0.055187499999999994 0.15162037037037038
4 0.45490624999999996 0.5139861111111111 0.0160625 0.029824074074074076
3 0.45811979166666666 0.5907731481481481 0.027697916666666666 0.15191666666666667
3 0.4844557291666666 0.5968472222222222 0.043911458333333334 0.1529537037037037
3 0.6267682291666666 0.5969398148148147 0.038953125000000005 0.12350925925925925
3 0.7561614583333333 0.5790879629629629 0.03211458333333333 0.15447222222222223
3 0.6218802083333334 0.5924398148148149 0.030218750000000003 0.1515462962962963
0 0.7312057291666666 0.634162037037037 0.011369791666666665 0.018324074074074072
4 0.8963541666666667 0.6682407407407408 0.052083333333333336 0.19018518518518518
4 0.028752604166666664 0.6471203703703704 0.03458854166666667 0.18683333333333332