1 0.25628125 0.4446435185185185 0.025062499999999998 0.03743518518518518
3 0.3585286458333333 0.593462962962963 0.031640625 0.16285185185185186
3 0.3930885416666667 0.5481898148148148 0.03617708333333333 0.10008333333333333
3 0.3233958333333333 0.5657824074074074 0.04054166666666667 0.1130462962962963
4 0.44867708333333334 0.5392361111111111 0.022354166666666668 0.09699074074074074
3 0.41779687499999996 0.6064814814814815 0.03871875 0.17407407407407408
3 0.47544010416666665 0.6117870370370371 0.051921875 0.1420925925925926
3 0.5639453125 0.616111111111111 0.03309895833333333 0.1303703703703704
3 0.5668697916666667 0.6184768518518519 0.04415625 0.16102777777777777
3 0.47619010416666663 0.5558796296296297 0.028421875 0.13583333333333333
4 0.7127916666666666 0.665375 0.04225 0.18630555555555556
4 0.014421875 0.6468472222222222 0.02884375 0.18999074074074074
3 0.4300729166666667 0.5610972222222222 0.0455625 0.11108333333333333
3 0.6463359375 0.6091342592592592 0.052046875000000006 0.16271296296296295
0 0.6272369791666667 0.6126990740740741 0.009682291666666667 0.019842592592592592