4 0.14878645833333334 0.3783148148148148 0.0593125 0.21588888888888888
0 0.3958645833333333 0.481425925925926 0.02221875 0.03692592592592593
3 0.4802135416666667 0.47169444444444447 0.057578125 0.2285648148148148
3 0.2802864583333333 0.875 0.14522916666666666 0.25
3 0.7996041666666667 0.9361111111111111 0.1046875 0.12777777777777777
3 0.8524739583333333 0.8972222222222223 0.12293229166666667 0.20555555555555555
3 0.9207916666666667 0.2545648148148148 0.047072916666666666 0.19432407407407407
3 0.8336145833333333 0.2702962962962963 0.041463541666666666 0.17022222222222222
3 0.5925052083333333 0.18908333333333335 0.03425 0.16706481481481483
4 0.9540624999999999 0.1968148148148148 0.04069791666666667 0.1602962962962963
3 0.6458229166666667 0.5332037037037037 0.07004687500000001 0.27011111111111114
3 0.423265625 0.5184537037037037 0.08534895833333334 0.23690740740740743