7 0.7072760416666667 0.9275277777777778 0.02959895833333333 0.040212962962962964
5 0.8560416666666666 0.9263333333333333 0.017625000000000002 0.029166666666666667
2 0.8796354166666667 0.9271111111111111 0.018598958333333335 0.027870370370370372
8 0.82521875 0.9266574074074073 0.027723958333333333 0.031101851851851856
7 0.7845 0.9264166666666667 0.028651041666666665 0.038009259259259257
4 0.8028333333333334 0.8743981481481482 0.05171875 0.2080648148148148
4 0.039359374999999995 0.578212962962963 0.034583333333333334 0.20087962962962963
3 0.09635416666666667 0.6449814814814815 0.04544791666666667 0.23810185185185184
3 0.215015625 0.5821574074074074 0.043187500000000004 0.20321296296296296
3 0.3706875 0.33135185185185184 0.03473958333333334 0.14603703703703705
4 0.563921875 0.33789814814814817 0.026822916666666665 0.1350462962962963
3 0.38813020833333334 0.4045185185185185 0.026916666666666665 0.1794074074074074
1 0.26422395833333334 0.31007407407407406 0.029104166666666667 0.054379629629629625
3 0.35605729166666666 0.6362592592592592 0.041937499999999996 0.19844444444444445
3 0.42904166666666665 0.7628055555555556 0.06915625 0.24969444444444447
3 0.7583072916666667 0.4436666666666667 0.038109375 0.1502962962962963
3 0.64228125 0.4727314814814815 0.036270833333333335 0.16953703703703704
3 0.7069479166666667 0.5826481481481481 0.045802083333333334 0.1856574074074074
0 0.8316822916666666 0.6525648148148148 0.016114583333333335 0.02549074074074074
3 0.8555677083333334 0.6245555555555555 0.0545 0.18799074074074074