4 0.329171875 0.7412777777777778 0.052617187499999996 0.10556944444444445
4 0.938875 0.5804166666666666 0.039875 0.2560555555555556
1 0.6818515625 0.1805138888888889 0.0414609375 0.07134722222222221
0 0.6929765625 0.21790277777777775 0.0190625 0.034999999999999996
3 0.6959531250000001 0.3637361111111111 0.0651953125 0.28302777777777777
3 0.628078125 0.4151111111111111 0.045515625 0.23895833333333336
3 0.4086953125 0.39458333333333334 0.062109375 0.22566666666666665
3 0.5716640625 0.21205555555555555 0.05321875 0.2058611111111111
3 0.33865625 0.35877777777777775 0.0872109375 0.22945833333333335
4 0.2963671875 0.21416666666666664 0.042812499999999996 0.20213888888888887
3 0.379265625 0.5396944444444445 0.052359375 0.27381944444444445
3 0.658796875 0.4879583333333333 0.0399921875 0.2497361111111111
3 0.4999921875 0.518888888888889 0.0728203125 0.27190277777777777
3 0.7407812500000001 0.5863194444444444 0.0432421875 0.24405555555555555
3 0.7677578125 0.6743888888888889 0.09718750000000001 0.2614722222222222
7 0.44056249999999997 0.8638472222222222 0.0295703125 0.057055555555555554
7 0.5577734375000001 0.8631666666666666 0.0232109375 0.05173611111111111
6 0.3562578125 0.8454444444444444 0.0933828125 0.028194444444444446
6 0.6169765625 0.8436388888888888 0.0344765625 0.02459722222222222
8 0.49919531250000004 0.8501111111111112 0.0489140625 0.033555555555555554
5 0.48442187499999995 0.8811249999999999 0.023828125 0.03209722222222222
2 0.5118984375 0.8805694444444444 0.020742187500000002 0.02701388888888889