2 0.879453125 0.926212962962963 0.020640625000000003 0.0302037037037037
5 0.856984375 0.9284722222222223 0.01736979166666667 0.027305555555555555
8 0.8267291666666666 0.925675925925926 0.03455729166666666 0.03762037037037037
7 0.783984375 0.9256574074074074 0.019557291666666664 0.04019444444444444
7 0.707171875 0.9261296296296296 0.024 0.04115740740740741
0 0.5591927083333333 0.7812314814814815 0.02178645833333333 0.036537037037037035
1 0.2866927083333334 0.2635 0.033041666666666664 0.06774074074074074
3 0.42897916666666663 0.30692592592592594 0.040526041666666665 0.19162037037037036
3 0.3847083333333333 0.4454444444444444 0.043656249999999994 0.2205185185185185
3 0.4754791666666666 0.629712962962963 0.07519270833333333 0.2409074074074074
3 0.54828125 0.6475740740740741 0.064546875 0.2840462962962963
3 0.58828125 0.6461759259259259 0.046625 0.2182777777777778
3 0.6171927083333333 0.7383796296296297 0.12111979166666667 0.22119444444444444
3 0.7194479166666666 0.4603148148148148 0.042296875 0.21321296296296297
3 0.727484375 0.3658148148148148 0.05836458333333334 0.2057037037037037
3 0.5856979166666666 0.4260555555555555 0.047718750000000004 0.20025
3 0.7974010416666667 0.40347222222222223 0.048203125 0.20694444444444443
4 0.6372604166666667 0.8861111111111111 0.05917708333333334 0.22777777777777777
4 0.6234999999999999 0.2869907407407407 0.035812500000000004 0.18880555555555556