4 0.377984375 0.79625 0.05311458333333333 0.27397222222222223
4 0.2720625 0.29892592592592593 0.048854166666666664 0.19275925925925927
0 0.48276041666666664 0.3190740740740741 0.01321875 0.029361111111111112
4 0.8682656249999999 0.2975462962962963 0.045947916666666665 0.20157407407407407
3 0.8512500000000001 0.5742407407407407 0.06140104166666667 0.2619166666666667
3 0.7518020833333333 0.5213518518518518 0.06822916666666666 0.24641666666666667
3 0.6576302083333334 0.5098981481481482 0.04915625 0.24664814814814814
3 0.6016666666666667 0.4566388888888889 0.04920833333333333 0.23966666666666664
3 0.5027447916666666 0.27964814814814815 0.037557291666666666 0.2560555555555556
3 0.48905208333333333 0.30127777777777776 0.03293229166666666 0.13217592592592592
3 0.5135052083333334 0.28132407407407406 0.06413020833333333 0.30338888888888893
3 0.546484375 0.5403148148148148 0.07175520833333333 0.26210185185185186
3 0.42336979166666666 0.5109907407407407 0.12031770833333333 0.24235185185185187
3 0.125703125 0.7393333333333334 0.08956770833333333 0.2823611111111111
1 0.3134895833333333 0.2155185185185185 0.035354166666666666 0.06899074074074074
6 0.811609375 0.8200925925925926 0.04331770833333334 0.03371296296296296
6 0.8110208333333334 0.8646388888888888 0.042140625 0.03250925925925926
7 0.8649739583333333 0.8196296296296297 0.023744791666666668 0.035083333333333334
7 0.8651875 0.8665833333333333 0.022864583333333334 0.03639814814814815
8 0.9199270833333333 0.8226944444444444 0.034687499999999996 0.027333333333333334
2 0.9055833333333333 0.8656203703703704 0.022927083333333334 0.025231481481481483
5 0.9338802083333333 0.8661296296296296 0.01571875 0.028564814814814817