8 0.8262604166666667 0.9269166666666667 0.03719791666666667 0.03025925925925926
7 0.78140625 0.9248703703703703 0.02527604166666667 0.036083333333333335
2 0.8783124999999999 0.9243333333333333 0.020739583333333332 0.02838888888888889
5 0.8569895833333334 0.9273333333333333 0.019463541666666664 0.03244444444444444
7 0.708296875 0.9235462962962963 0.02 0.039685185185185184
1 0.011244791666666667 0.2641851851851852 0.022484375 0.06540740740740741
4 0.068875 0.30622222222222223 0.032817708333333334 0.13466666666666666
4 0.32914583333333336 0.7976018518518518 0.047109375 0.2026111111111111
3 0.24081770833333332 0.7409722222222223 0.08711458333333333 0.24491666666666667
3 0.23133854166666667 0.48642592592592593 0.06190625 0.1987685185185185
3 0.2998385416666667 0.5721759259259259 0.053078125 0.20732407407407408
3 0.36959895833333334 0.4485185185185185 0.06551562500000001 0.20074074074074075
3 0.37379166666666663 0.3831574074074074 0.08303124999999999 0.14780555555555555
0 0.47067708333333336 0.3633796296296296 0.01559375 0.023055555555555555
3 0.44231770833333334 0.3492685185185185 0.06928125 0.1392685185185185
3 0.44593750000000004 0.5909537037037037 0.053614583333333334 0.21523148148148147
3 0.5386302083333334 0.7298703703703704 0.057749999999999996 0.2227037037037037
3 0.8366979166666667 0.38419444444444445 0.07888020833333333 0.17208333333333334