4 0.32717968750000004 0.20831944444444445 0.0434296875 0.18638888888888888
3 0.09761718750000001 0.5617222222222222 0.0640546875 0.24575
6 0.356 0.8445416666666667 0.090640625 0.02640277777777778
7 0.44038281250000005 0.8646944444444445 0.027546875 0.058680555555555555
8 0.4994375 0.8495277777777778 0.049390625 0.032375
5 0.4838984375 0.8795277777777778 0.020546875 0.028902777777777777
2 0.511234375 0.8789166666666668 0.0261171875 0.02766666666666667
7 0.5594140624999999 0.8654583333333333 0.026046875000000004 0.05318055555555556
6 0.6161328125 0.844 0.0337890625 0.024319444444444446
1 0.6960468750000001 0.1915972222222222 0.036390624999999996 0.06702777777777777
4 0.577796875 0.7103194444444445 0.057710937500000004 0.16843055555555556
0 0.206640625 0.29194444444444445 0.0186953125 0.03788888888888889
3 0.8274374999999999 0.6608472222222223 0.0803984375 0.2270277777777778
3 0.6270390625 0.5334027777777778 0.0561171875 0.20568055555555556
3 0.58946875 0.37020833333333336 0.0434921875 0.19874999999999998
3 0.5588984375 0.400875 0.035914062499999996 0.21644444444444444
3 0.3518203125 0.3270138888888889 0.055906250000000005 0.1758611111111111
3 0.35890625 0.4684444444444444 0.06785156249999999 0.22855555555555557
3 0.3957421875 0.49201388888888886 0.08125 0.22411111111111112
3 0.26271093749999996 0.3238055555555555 0.06741406250000001 0.20520833333333333
3 0.31442187499999996 0.5154027777777778 0.042499999999999996 0.25105555555555553