2 0.879453125 0.926212962962963 0.020640625000000003 0.0302037037037037
5 0.856984375 0.9284722222222223 0.01736979166666667 0.027305555555555555
8 0.8267291666666666 0.925675925925926 0.03455729166666666 0.03762037037037037
7 0.783984375 0.9256574074074074 0.019557291666666664 0.04019444444444444
7 0.707171875 0.9261296296296296 0.024 0.04115740740740741
0 0.24994791666666666 0.5618796296296297 0.013713541666666666 0.027462962962962963
4 0.098046875 0.6255092592592593 0.0495 0.21026851851851852
4 0.5747135416666667 0.8664814814814814 0.07783333333333334 0.22186111111111112
1 0.3057552083333333 0.30960185185185185 0.027416666666666666 0.05868518518518519
3 0.33920833333333333 0.44935185185185184 0.05890104166666667 0.17277777777777778
3 0.383625 0.4315648148148148 0.06856770833333334 0.18905555555555556
3 0.29240104166666664 0.5481018518518519 0.05903645833333333 0.21101851851851852
3 0.4391302083333333 0.485962962962963 0.048380208333333334 0.22008333333333333
3 0.489109375 0.4683240740740741 0.04829166666666666 0.1922037037037037
3 0.5526666666666666 0.5593055555555555 0.033734375 0.20379629629629628
3 0.7348125 0.36263888888888884 0.06469270833333333 0.1549074074074074
3 0.8936822916666666 0.3907777777777778 0.044932291666666666 0.17044444444444445
3 0.3137916666666667 0.7642314814814815 0.08306770833333334 0.20252777777777778