4 0.158109375 0.3322361111111111 0.05200781249999999 0.2081111111111111
4 0.386328125 0.7030833333333334 0.053093749999999995 0.16409722222222223
0 0.5395625 0.331875 0.0158046875 0.03676388888888889
3 0.3153125 0.23766666666666666 0.0360546875 0.20550000000000002
1 0.2621875 0.18640277777777778 0.03025 0.07120833333333333
3 0.355765625 0.3941111111111111 0.038828125000000005 0.21283333333333335
3 0.3003671875 0.5625138888888889 0.044101562500000004 0.23218055555555553
3 0.45440625 0.5348472222222221 0.059781249999999994 0.264125
3 0.5547890625 0.44916666666666666 0.05071875 0.2316666666666667
3 0.600515625 0.5384305555555555 0.072984375 0.25145833333333334
3 0.6270156250000001 0.4532638888888889 0.054640625 0.21208333333333332
3 0.6821484375 0.3040277777777778 0.0640625 0.21159722222222221
3 0.750671875 0.30904166666666666 0.067578125 0.22919444444444445
3 0.8319218749999999 0.5103055555555556 0.045429687499999996 0.22766666666666666
4 0.8124921875 0.22041666666666665 0.044921875 0.18072222222222223
6 0.35678125 0.8443055555555555 0.0922109375 0.029875000000000002
6 0.6172187499999999 0.8426805555555555 0.034953125 0.02266666666666667
7 0.44113281249999997 0.8609166666666667 0.01984375 0.051194444444444445
7 0.5596875 0.8626944444444444 0.0404375 0.058722222222222224
8 0.5002734375 0.8511944444444445 0.048835937499999996 0.03175
5 0.48479687499999996 0.87925 0.022343750000000002 0.03229166666666667
2 0.511625 0.8789166666666668 0.0224296875 0.03163888888888889