4 0.317875 0.25275 0.047867187500000005 0.18405555555555558
0 0.6774765625 0.30001388888888886 0.0193125 0.03255555555555556
4 0.834125 0.548625 0.07367968750000001 0.20836111111111114
3 0.6497499999999999 0.46013888888888893 0.055374999999999994 0.21393055555555557
3 0.686890625 0.6323333333333333 0.047078125 0.24481944444444445
3 0.619796875 0.6699861111111111 0.055734375 0.23680555555555555
3 0.3829296875 0.6698194444444444 0.0641484375 0.2483611111111111
3 0.29778906250000003 0.3882222222222222 0.0411796875 0.20898611111111112
3 0.2135234375 0.5893194444444444 0.0556875 0.23769444444444443
3 0.07221875 0.6612777777777777 0.0632578125 0.26302777777777775
3 0.022046875 0.44255555555555554 0.04328125 0.22240277777777778
4 0.145046875 0.8279166666666667 0.0526640625 0.13994444444444445
3 0.68434375 0.33266666666666667 0.09553906250000001 0.2526388888888889
1 0.661484375 0.23923611111111112 0.038671875 0.06179166666666667
6 0.3568828125 0.8444027777777778 0.09240625 0.026125
6 0.6168046875 0.8429305555555555 0.036367187499999995 0.027138888888888886
7 0.44088281250000005 0.8668472222222222 0.043890625 0.05511111111111111
7 0.5582265625 0.8628611111111111 0.0464375 0.059041666666666666
8 0.49890625 0.8498333333333333 0.048328125 0.033
5 0.48483593750000004 0.8798472222222222 0.022421875 0.029541666666666667
2 0.511953125 0.8805555555555555 0.0275546875 0.026972222222222224