4 0.0329375 0.2709537037037037 0.065875 0.12338888888888888
3 0.29362499999999997 0.07318518518518519 0.07607291666666667 0.14637962962962964
3 0.35377604166666665 0.24095370370370373 0.05053645833333333 0.2263611111111111
3 0.21459375 0.5142407407407408 0.07009375000000001 0.2099537037037037
3 0.276359375 0.5295925925925926 0.08111979166666666 0.24806481481481485
3 0.35125 0.66525 0.13715104166666667 0.25643518518518515
3 0.587203125 0.5325092592592593 0.07571875 0.19094444444444444
3 0.5681718750000001 0.6965648148148148 0.10016145833333333 0.20053703703703704
3 0.7570208333333334 0.8221203703703703 0.12577604166666667 0.15536111111111112
3 0.731515625 0.10864814814814815 0.06017708333333334 0.1876759259259259
4 0.8998906249999999 0.06725925925925925 0.10735416666666667 0.13450925925925927
1 0.5056302083333333 0.7574907407407407 0.09799479166666666 0.17794444444444446
0 0.5531302083333334 0.5075555555555555 0.026333333333333334 0.04844444444444444