2 0.879453125 0.926212962962963 0.020640625000000003 0.0302037037037037
5 0.856984375 0.9284722222222223 0.01736979166666667 0.027305555555555555
8 0.8267291666666666 0.925675925925926 0.03455729166666666 0.03762037037037037
7 0.7847916666666667 0.9251018518518519 0.03260416666666667 0.036537037037037035
7 0.7078385416666666 0.9251851851851852 0.033984375 0.04014814814814815
1 0.34158333333333335 0.27399074074074076 0.034484375 0.05662962962962963
4 0.2511979166666667 0.4025277777777778 0.039135416666666666 0.1865462962962963
4 0.6731979166666666 0.2965277777777778 0.03938020833333333 0.1486111111111111
4 0.6955052083333333 0.8248611111111112 0.05066145833333333 0.13120370370370368
0 0.704453125 0.47379629629629627 0.014442708333333333 0.029212962962962965
3 0.6853697916666667 0.46997222222222224 0.08247916666666667 0.1658611111111111
3 0.6506510416666667 0.4351666666666667 0.06473958333333334 0.22587962962962962
3 0.6741875 0.3877685185185185 0.03094791666666667 0.1718425925925926
3 0.7464999999999999 0.36580555555555555 0.03389583333333333 0.16864814814814813
3 0.7928385416666667 0.6923518518518519 0.06616145833333334 0.2341574074074074
3 0.6463854166666666 0.5806759259259259 0.04408854166666667 0.2132037037037037
3 0.4308802083333333 0.4671388888888889 0.06933333333333333 0.20094444444444445
3 0.34056770833333333 0.5521481481481482 0.04911458333333333 0.20799074074074073
3 0.28741145833333337 0.5195277777777778 0.036557291666666665 0.22053703703703703
3 0.13005729166666666 0.7111666666666666 0.06559895833333333 0.23714814814814816