4 0.6859322916666667 0.6847222222222222 0.0544375 0.1694351851851852
3 0.8219947916666667 0.5245000000000001 0.07030729166666667 0.23789814814814816
3 0.9544010416666667 0.6015 0.07261979166666667 0.25854629629629633
3 0.4224114583333333 0.32254629629629633 0.05655729166666667 0.1525
3 0.40350520833333337 0.35374074074074074 0.06249479166666667 0.20749074074074075
3 0.39390624999999996 0.46698148148148144 0.12871354166666665 0.2043425925925926
3 0.27994270833333335 0.41775 0.061203125000000004 0.19475925925925927
3 0.13572916666666668 0.5364907407407407 0.08736458333333334 0.22112962962962962
0 0.4041770833333333 0.30014814814814816 0.022171875 0.03732407407407408
3 0.4836927083333334 0.5357685185185185 0.03745833333333334 0.3530277777777778
3 0.49912500000000004 0.4549814814814815 0.08082291666666667 0.22849074074074074
3 0.5383281249999999 0.6476203703703703 0.061307291666666666 0.3100555555555556
1 0.180421875 0.09039814814814814 0.032989583333333336 0.06228703703703704