7 0.707921875 0.9275092592592593 0.021307291666666665 0.040212962962962964
7 0.7824739583333333 0.9273518518518519 0.021437499999999998 0.04012962962962963
5 0.8571822916666666 0.9266481481481481 0.017765625 0.02736111111111111
2 0.8799843749999999 0.926962962962963 0.021708333333333333 0.03169444444444444
8 0.8269895833333333 0.9266574074074073 0.03655208333333334 0.031101851851851856
0 0.44628645833333336 0.2131851851851852 0.011854166666666667 0.023111111111111114
3 0.44825 0.2995 0.03257291666666667 0.16750925925925925
3 0.423703125 0.3488888888888889 0.050145833333333334 0.18481481481481482
3 0.2431458333333333 0.34203703703703703 0.033828125 0.15073148148148147
1 0.25927083333333334 0.27605555555555555 0.030661458333333332 0.06137962962962964
3 0.2880625 0.5936388888888889 0.03303125 0.2206111111111111
3 0.27556250000000004 0.7322222222222222 0.06325 0.27925
4 0.35628645833333333 0.8192685185185185 0.05177604166666667 0.25149074074074074
3 0.5905572916666666 0.7402037037037037 0.05677083333333333 0.2526296296296296
3 0.5363854166666666 0.5876851851851852 0.03384895833333333 0.2383333333333333
3 0.5458697916666666 0.46775925925925926 0.05906770833333333 0.21513888888888888
3 0.6915052083333334 0.491824074074074 0.04825 0.21513888888888888
3 0.6671302083333334 0.5467777777777778 0.043250000000000004 0.21762962962962962
3 0.8498333333333333 0.5566574074074074 0.04511458333333333 0.21701851851851853
4 0.9551614583333333 0.35917592592592595 0.045359375 0.1887222222222222