4 0.193125 0.3413611111111111 0.0419296875 0.19661111111111113
4 0.4409140625 0.7279305555555555 0.05157031250000001 0.13919444444444445
4 0.8644765624999999 0.25558333333333333 0.0408828125 0.19449999999999998
0 0.7824296875 0.36770833333333336 0.0189765625 0.035416666666666666
3 0.672296875 0.2675972222222222 0.0362109375 0.17130555555555557
3 0.7874531250000001 0.49472222222222223 0.049335937499999996 0.26445833333333335
3 0.697125 0.5123888888888889 0.06399218749999999 0.21366666666666667
3 0.6422265625 0.5141527777777778 0.0416953125 0.26719444444444446
3 0.6121015625 0.38383333333333336 0.0408203125 0.214875
3 0.48707812500000003 0.31920833333333337 0.056398437499999995 0.20230555555555554
3 0.3629765625 0.2704861111111111 0.0456875 0.12430555555555556
3 0.357734375 0.3915555555555556 0.049265625 0.222
3 0.2306640625 0.5448472222222223 0.06543750000000001 0.21468055555555554
3 0.2606953125 0.719486111111111 0.07863281250000001 0.20841666666666667
1 0.3157109375 0.21168055555555554 0.0346171875 0.07019444444444445
6 0.356546875 0.8442500000000001 0.0876484375 0.017569444444444447
6 0.6164296874999999 0.8439027777777778 0.0341015625 0.02326388888888889
8 0.49928906250000005 0.8497500000000001 0.036601562500000004 0.028569444444444446
5 0.48390625 0.8795277777777778 0.017859375 0.024
2 0.5113359375 0.8797638888888888 0.02584375 0.022347222222222223
7 0.4413125 0.8646111111111111 0.0432421875 0.051861111111111115
7 0.55965625 0.8635 0.04315625 0.051791666666666666