4 0.16097916666666665 0.2658055555555556 0.042026041666666666 0.1723611111111111
3 0.30689062500000003 0.4411481481481481 0.089109375 0.20357407407407407
3 0.2660208333333333 0.6405648148148148 0.07760416666666667 0.2324351851851852
3 0.2881354166666667 0.2959259259259259 0.07870833333333334 0.1751111111111111
3 0.7222395833333334 0.4959722222222222 0.06862499999999999 0.21137037037037038
4 0.41263541666666664 0.7580462962962964 0.05923958333333333 0.15794444444444444
0 0.6903645833333333 0.45441666666666664 0.014593749999999999 0.025046296296296296
3 0.41869270833333333 0.6083888888888889 0.05913020833333334 0.23323148148148146
3 0.34988541666666667 0.25503703703703706 0.06999479166666665 0.17203703703703704
3 0.613671875 0.3284259259259259 0.073671875 0.16067592592592592
3 0.45745833333333336 0.47096296296296297 0.042354166666666665 0.18068518518518517
4 0.7476197916666667 0.27971296296296294 0.057203125 0.15062962962962964
1 0.8562135416666667 0.1948611111111111 0.030484375 0.05519444444444444
6 0.33936458333333336 0.9019814814814815 0.046265625 0.03262962962962963
6 0.4788854166666667 0.906712962962963 0.050749999999999997 0.03565740740740741
7 0.41045833333333337 0.9052222222222223 0.06598958333333334 0.03637037037037037
7 0.5498385416666667 0.9068518518518518 0.0635 0.035925925925925924
2 0.6185729166666667 0.9066666666666667 0.028234375 0.031842592592592596
8 0.6849375 0.9078611111111111 0.046078125 0.03414814814814815