2 0.07215104166666667 0.9454074074074074 0.091453125 0.027842592592592592
5 0.22393229166666667 0.9454074074074074 0.028354166666666666 0.03897222222222223
7 0.17538020833333334 0.8503333333333334 0.035416666666666666 0.056212962962962965
7 0.12305729166666667 0.848675925925926 0.03910416666666667 0.05290740740740741
4 0.5657083333333334 0.7560462962962963 0.05356770833333333 0.21208333333333335
4 0.7551770833333333 0.3539629629629629 0.04084375 0.1857037037037037
0 0.7831354166666666 0.12503703703703703 0.01758854166666667 0.035250000000000004
1 0.6961614583333334 0.25099074074074074 0.03739583333333333 0.06493518518518518
3 0.18478645833333335 0.4066851851851852 0.060473958333333334 0.20966666666666667
3 0.46738541666666666 0.6753611111111111 0.09026041666666668 0.28775
3 0.5652291666666667 0.5445833333333333 0.03802604166666667 0.2632407407407408
3 0.59009375 0.4564722222222222 0.03775520833333333 0.2388703703703704
3 0.6338281250000001 0.5463888888888889 0.04605729166666667 0.27425925925925926
3 0.650765625 0.4969166666666666 0.029932291666666666 0.24568518518518517
3 0.6823854166666667 0.4276203703703704 0.04942708333333334 0.23672222222222222
3 0.7711354166666666 0.43854629629629627 0.03941666666666667 0.23264814814814813