4 0.24476562500000001 0.2540138888888889 0.07571875 0.2453888888888889
3 0.8335234375 0.30486111111111114 0.1253671875 0.24733333333333335
3 0.8632109375000001 0.7679305555555556 0.123296875 0.2510972222222222
3 0.7354375 0.42341666666666666 0.07731249999999999 0.2965833333333333
3 0.40412499999999996 0.4979166666666667 0.11072656249999999 0.2883055555555556
3 0.1912421875 0.34002777777777776 0.062046875 0.2849583333333333
3 0.3218359375 0.6747916666666667 0.10967968749999998 0.29909722222222224
0 0.21921875000000002 0.47844444444444445 0.018632812500000002 0.034833333333333334
6 0.356546875 0.8442500000000001 0.0876484375 0.017569444444444447
6 0.6164296874999999 0.8439027777777778 0.0341015625 0.02326388888888889
8 0.49928906250000005 0.8497500000000001 0.036601562500000004 0.028569444444444446
5 0.48390625 0.8795277777777778 0.017859375 0.024
2 0.5113359375 0.8797638888888888 0.02584375 0.022347222222222223
7 0.4413125 0.8646111111111111 0.0432421875 0.051861111111111115
7 0.55965625 0.8635 0.04315625 0.051791666666666666
1 0.1085390625 0.11386111111111112 0.0430625 0.091625