2 0.07135937499999999 0.9437407407407408 0.08755208333333334 0.028675925925925924
8 0.22386458333333334 0.9433611111111111 0.027984375 0.03486111111111111
7 0.18009375 0.8505555555555556 0.04590625 0.05296296296296297
7 0.119765625 0.8488148148148148 0.04634375 0.054120370370370374
3 0.8300833333333333 0.25292592592592594 0.046406249999999996 0.19566666666666666
3 0.6082604166666666 0.6802870370370371 0.07541666666666667 0.22862962962962963
3 0.6676458333333334 0.5812037037037038 0.04184895833333333 0.22721296296296295
3 0.6970989583333334 0.3499814814814815 0.029130208333333334 0.14672222222222223
4 0.44020833333333337 0.26699074074074075 0.028374999999999997 0.15203703703703703
3 0.42759375 0.3638518518518518 0.04611979166666667 0.15130555555555555
0 0.29222395833333337 0.36526851851851855 0.013661458333333333 0.022194444444444444
3 0.256953125 0.3519259259259259 0.06290104166666667 0.14597222222222223
3 0.23836979166666666 0.3476851851851852 0.073921875 0.15601851851851853
3 0.17534375000000002 0.3834814814814815 0.054640625 0.16781481481481483