8 0.8262604166666667 0.9269166666666667 0.03719791666666667 0.03025925925925926
7 0.78140625 0.9248703703703703 0.02527604166666667 0.036083333333333335
7 0.706953125 0.9256574074074074 0.026869791666666667 0.03880555555555555
2 0.8783124999999999 0.9243333333333333 0.020739583333333332 0.02838888888888889
5 0.8569895833333334 0.9273333333333333 0.019463541666666664 0.03244444444444444
4 0.4751666666666667 0.8870370370370371 0.06415104166666667 0.22592592592592592
3 0.26726041666666667 0.8072962962962963 0.08584375 0.2886666666666667
0 0.35038541666666667 0.2772962962962963 0.01875 0.036083333333333335
1 0.3656666666666667 0.2732685185185185 0.03473958333333334 0.06875
4 0.29643749999999996 0.37503703703703706 0.03794270833333333 0.17970370370370373
3 0.8128541666666667 0.4473703703703704 0.03952083333333333 0.2280648148148148
3 0.7561666666666667 0.6726574074074074 0.05975 0.25689814814814815
3 0.3870885416666667 0.4654722222222222 0.06091666666666666 0.32725
3 0.35970833333333335 0.45471296296296293 0.053286458333333335 0.33164814814814814
3 0.3553385416666667 0.668787037037037 0.064078125 0.3005277777777778