6 0.3556875 0.8453194444444444 0.0886953125 0.021444444444444443
7 0.44067968750000003 0.8645 0.0399296875 0.049722222222222216
8 0.4996875 0.8493055555555555 0.0443125 0.029430555555555557
2 0.5117265625 0.8801666666666667 0.025773437500000003 0.020430555555555556
5 0.485453125 0.8805000000000001 0.0186796875 0.023625000000000004
7 0.55953125 0.8640277777777778 0.044671875 0.05380555555555556
6 0.616859375 0.8435694444444445 0.03434375 0.023
0 0.5869609375 0.14291666666666666 0.020921875 0.03170833333333333
1 0.5906640624999999 0.19134722222222222 0.0380625 0.07118055555555555
3 0.57440625 0.32598611111111114 0.0792109375 0.3424583333333333
3 0.5698125 0.3722916666666667 0.0778359375 0.3517222222222222
4 0.692421875 0.3117361111111111 0.046265625 0.23656944444444447
3 0.512625 0.4704305555555555 0.0527421875 0.27618055555555554
4 0.5372421875 0.7478055555555555 0.05621875 0.09283333333333334
3 0.33688281249999996 0.61925 0.06398437500000001 0.27819444444444447
3 0.25401562499999997 0.42491666666666666 0.0935546875 0.24666666666666665
3 0.39454687499999996 0.31419444444444444 0.075515625 0.24943055555555557
3 0.4338984375 0.5367916666666667 0.054890625000000005 0.285875
3 0.25640625 0.24018055555555556 0.0704375 0.23830555555555558
3 0.042625 0.7165555555555555 0.06364062499999999 0.30215277777777777