2 0.879453125 0.926212962962963 0.020640625000000003 0.0302037037037037
5 0.856984375 0.9284722222222223 0.01736979166666667 0.027305555555555555
8 0.8267291666666666 0.925675925925926 0.03455729166666666 0.03762037037037037
7 0.7847916666666667 0.9251018518518519 0.03260416666666667 0.036537037037037035
7 0.7078385416666666 0.9251851851851852 0.033984375 0.04014814814814815
0 0.470109375 0.4977407407407407 0.020703125 0.03622222222222222
4 0.17692708333333332 0.3420462962962963 0.05308333333333334 0.19520370370370368
4 0.6935260416666666 0.3286759259259259 0.038364583333333334 0.21661111111111112
4 0.48884895833333336 0.8938425925925926 0.043604166666666666 0.1913888888888889
3 0.7187812499999999 0.7667962962962963 0.06388020833333334 0.24099074074074073
3 0.6068020833333333 0.7105277777777778 0.09617708333333333 0.2840185185185185
3 0.5478958333333334 0.7005833333333333 0.055447916666666666 0.27523148148148147
3 0.6506458333333334 0.5282407407407408 0.07553125000000001 0.23797222222222222
3 0.495609375 0.2707037037037037 0.04045833333333334 0.21178703703703702
3 0.5124270833333333 0.34862037037037036 0.06367708333333334 0.21205555555555555
3 0.526796875 0.4784907407407407 0.06325 0.2236388888888889
3 0.465234375 0.49419444444444444 0.06929166666666667 0.18469444444444444
3 0.27265104166666665 0.5870740740740741 0.06953645833333333 0.25193518518518515
3 0.120390625 0.6409814814814815 0.07335416666666666 0.27455555555555555