7 0.44116406250000006 0.8647361111111111 0.044453124999999996 0.05884722222222222
7 0.557734375 0.8627083333333333 0.04321875 0.05081944444444445
6 0.6170625000000001 0.8444166666666667 0.034640625 0.02613888888888889
6 0.3559453125 0.8447638888888889 0.0905390625 0.026819444444444444
8 0.4994609375 0.8478194444444443 0.04721875 0.03294444444444444
5 0.48471093749999994 0.8798472222222222 0.0221640625 0.029541666666666667
2 0.5110703125 0.879263888888889 0.02578125 0.028375
3 0.34367187499999996 0.3671111111111111 0.0838515625 0.18659722222222222
3 0.52825 0.4535277777777778 0.0601484375 0.1451527777777778
3 0.5988203125 0.4493472222222222 0.036109375 0.2082222222222222
3 0.6659453125 0.4953888888888889 0.063203125 0.20108333333333334
0 0.6591328125 0.6046388888888888 0.0228046875 0.030708333333333334
3 0.7611328125 0.616375 0.06609374999999999 0.18116666666666667
4 0.7164453125 0.364 0.021351562499999997 0.17643055555555556
4 0.022218750000000002 0.3705416666666667 0.044437500000000005 0.16568055555555555
3 0.5535 0.516 0.048140625 0.13120833333333334
3 0.5453515624999999 0.6066388888888888 0.08542187500000001 0.19343055555555558
3 0.6151718749999999 0.6235277777777778 0.088890625 0.2351527777777778
3 0.44936718750000004 0.5485416666666667 0.034078125 0.2201111111111111
1 0.66465625 0.30662500000000004 0.0316171875 0.065625