6 0.355515625 0.8448611111111111 0.08834375 0.020541666666666666
6 0.616171875 0.8441111111111111 0.034375 0.021569444444444443
7 0.44044531249999996 0.86475 0.0387265625 0.050194444444444444
7 0.5585312499999999 0.8644166666666666 0.0434296875 0.05205555555555555
8 0.4988359375 0.8495 0.04559375 0.029791666666666664
5 0.48454687500000004 0.8798888888888888 0.0193671875 0.028847222222222222
2 0.5109921875000001 0.8800277777777777 0.0262265625 0.025208333333333333
0 0.5864921875 0.18120833333333333 0.01928125 0.03186111111111111
1 0.5840625 0.171625 0.036296875 0.05159722222222222
3 0.6214375000000001 0.34679166666666666 0.073546875 0.2658055555555556
3 0.5848828125 0.34669444444444447 0.0457578125 0.340625
3 0.6623359375 0.5035277777777778 0.05065625 0.22929166666666667
4 0.0875 0.22501388888888887 0.0353671875 0.20836111111111114
4 0.7646171875000001 0.4618472222222222 0.0364765625 0.22925
4 0.45334375 0.74425 0.0561171875 0.10794444444444444
3 0.01015625 0.446125 0.0203125 0.2422361111111111
3 0.2348203125 0.6559583333333333 0.07375781249999999 0.27581944444444445
3 0.345421875 0.2665277777777778 0.0543359375 0.2025
3 0.368375 0.43200000000000005 0.047109374999999995 0.24734722222222222
3 0.3796484375 0.6019722222222222 0.0527890625 0.2817222222222222
3 0.5093593750000001 0.4298194444444445 0.0572109375 0.22075
3 0.5476640625 0.45175 0.06038281250000001 0.23961111111111114