3 0.5715416666666666 0.6524537037037037 0.090234375 0.1863888888888889
3 0.386609375 0.43271296296296297 0.05578125 0.2320925925925926
0 0.3573854166666666 0.525638888888889 0.020255208333333333 0.03646296296296297
3 0.351609375 0.4538611111111111 0.046203125 0.22624074074074074
3 0.4258385416666667 0.5242222222222221 0.07174479166666667 0.22621296296296298
4 0.8872395833333333 0.6180555555555556 0.032052083333333335 0.2509166666666667
7 0.70784375 0.9271851851851852 0.023255208333333333 0.03956481481481481
7 0.7835989583333334 0.9268796296296296 0.022682291666666667 0.03894444444444445
8 0.8267604166666668 0.9260092592592593 0.03608854166666667 0.03350925925925926
5 0.8568541666666667 0.9273333333333333 0.019187500000000003 0.02875
2 0.8805 0.9264907407407408 0.023187500000000003 0.029361111111111112