6 0.355515625 0.8448611111111111 0.08834375 0.020541666666666666
6 0.616171875 0.8441111111111111 0.034375 0.021569444444444443
7 0.44044531249999996 0.86475 0.0387265625 0.050194444444444444
7 0.5587109375 0.8644166666666666 0.040195312500000004 0.05205555555555555
8 0.4988359375 0.8495 0.04559375 0.029791666666666664
5 0.48454687500000004 0.8798888888888888 0.0193671875 0.028847222222222222
2 0.5109921875000001 0.8800277777777777 0.0262265625 0.025208333333333333
0 0.7581171875 0.37995833333333334 0.015421874999999998 0.029750000000000002
4 0.7281953125 0.2140138888888889 0.0426171875 0.18994444444444444
3 0.49701562499999996 0.21061111111111108 0.0423203125 0.19106944444444443
4 0.042484375000000005 0.5787777777777778 0.0350390625 0.21706944444444443
4 0.617453125 0.7051805555555556 0.0599765625 0.17623611111111112
3 0.8117812499999999 0.3973888888888889 0.08479687500000001 0.20350000000000001
3 0.448265625 0.3168888888888889 0.043460937500000005 0.19241666666666665
3 0.41715625 0.3655277777777778 0.0524296875 0.2125277777777778
3 0.4557578125 0.3917361111111111 0.074125 0.21865277777777778
3 0.5491171875 0.48600000000000004 0.055929687500000005 0.22506944444444446
3 0.6086796875 0.5012916666666667 0.06741406250000001 0.22170833333333334
3 0.6244765625 0.4089583333333333 0.0486640625 0.21605555555555556
3 0.188875 0.6649305555555556 0.045515625 0.2156527777777778
3 0.27871875 0.5868611111111112 0.07590625 0.21383333333333335
1 0.3432421875 0.19365277777777778 0.0330703125 0.07250000000000001