7 0.706421875 0.9275092592592593 0.018322916666666668 0.040212962962962964
7 0.7828593749999999 0.9273518518518519 0.012869791666666667 0.04012962962962963
5 0.8571822916666666 0.9266481481481481 0.017765625 0.02736111111111111
2 0.8799843749999999 0.926962962962963 0.021708333333333333 0.03169444444444444
8 0.8269895833333333 0.9266574074074073 0.03655208333333334 0.031101851851851856
4 0.5989687499999999 0.9074074074074074 0.059671875 0.18518518518518517
4 0.3324947916666667 0.35953703703703704 0.04963541666666667 0.18204629629629632
3 0.8045000000000001 0.3894722222222222 0.051984375 0.21969444444444444
3 0.5341406249999999 0.4708333333333333 0.05709895833333333 0.2268611111111111
0 0.25886458333333334 0.4439166666666667 0.01646875 0.03083333333333333
3 0.2415520833333333 0.47683333333333333 0.05525520833333333 0.24255555555555552
3 0.45145312499999996 0.5569907407407407 0.054223958333333336 0.2769351851851852
3 0.592953125 0.6955462962962964 0.04971875 0.25775925925925924
3 0.6665156250000001 0.5510277777777778 0.06977083333333334 0.22056481481481482
3 0.8412916666666667 0.8122037037037036 0.08598958333333333 0.3058888888888889
1 0.3627916666666666 0.27466666666666667 0.03731770833333334 0.07155555555555555