6 0.355515625 0.8448611111111111 0.08834375 0.020541666666666666
6 0.616171875 0.8441111111111111 0.034375 0.021569444444444443
7 0.4406171875 0.86475 0.038375 0.050194444444444444
7 0.5587109375 0.8644166666666666 0.040195312500000004 0.05205555555555555
8 0.4986171875 0.8495 0.0378984375 0.029791666666666664
5 0.48404687500000004 0.8798888888888888 0.0193671875 0.028847222222222222
2 0.5119374999999999 0.8800416666666666 0.0190859375 0.025236111111111112
3 0.156 0.5363055555555556 0.0661171875 0.25316666666666665
4 0.33387500000000003 0.7599305555555556 0.0484296875 0.06986111111111111
3 0.3030625 0.5485138888888889 0.058671875 0.22481944444444446
3 0.49565625 0.717375 0.0516796875 0.1597638888888889
3 0.558296875 0.6557916666666667 0.048835937499999996 0.27269444444444446
3 0.6164453125 0.4524444444444444 0.0666875 0.2548888888888889
3 0.6677578125 0.4338194444444445 0.049 0.24543055555555557
3 0.49040625000000004 0.4409722222222222 0.061484375 0.23193055555555556
3 0.4871796875 0.3069861111111111 0.0409765625 0.1306388888888889
4 0.4002109375 0.2145277777777778 0.046718749999999996 0.20406944444444444
3 0.2948984375 0.27819444444444447 0.0720390625 0.20362500000000003
3 0.3885859375 0.4305 0.05159375000000001 0.24433333333333332
1 0.7669453125000001 0.20033333333333334 0.038 0.07288888888888888