2 0.879453125 0.926212962962963 0.020640625000000003 0.0302037037037037
5 0.856984375 0.9284722222222223 0.01736979166666667 0.027305555555555555
8 0.8267291666666666 0.925675925925926 0.03455729166666666 0.03762037037037037
7 0.783984375 0.9256574074074074 0.019557291666666664 0.04019444444444444
7 0.707171875 0.9261296296296296 0.024 0.04115740740740741
4 0.7599010416666666 0.7657407407407407 0.16278645833333333 0.4685185185185185
3 0.8719010416666666 0.4363611111111111 0.07012499999999999 0.22827777777777777
3 0.9697760416666666 0.5501388888888888 0.060453124999999996 0.4225
3 0.7626927083333332 0.43945370370370374 0.09544791666666666 0.21964814814814815
3 0.4368489583333333 0.5151574074074075 0.1458489583333333 0.28956481481481483
4 0.17475520833333333 0.4493425925925926 0.05708333333333333 0.1758611111111111
3 0.05297916666666667 0.4597685185185185 0.10310416666666668 0.2824907407407407
3 0.24707812499999998 0.6828055555555556 0.23504166666666665 0.51375
3 0.3847447916666667 0.5260833333333333 0.11038541666666667 0.25957407407407407
0 0.400765625 0.5160277777777778 0.023682291666666667 0.043166666666666666