6 0.356 0.8445416666666667 0.090640625 0.02640277777777778
7 0.44154687499999995 0.8649722222222221 0.0369375 0.05308333333333333
8 0.4994375 0.8495277777777778 0.049390625 0.032375
5 0.48452343750000004 0.8795277777777778 0.019289062500000002 0.028902777777777777
2 0.50990625 0.8810694444444445 0.022218750000000002 0.02766666666666667
7 0.5588984375 0.8636944444444444 0.03975 0.05254166666666667
6 0.6161328125 0.844 0.0337890625 0.024319444444444446
4 0.6619375 0.7364861111111111 0.039570312499999996 0.11581944444444445
1 0.3457734375 0.26366666666666666 0.032242187500000005 0.05919444444444444
3 0.19440625 0.49033333333333334 0.045890625000000004 0.15659722222222222
4 0.0706796875 0.6361249999999999 0.038015625 0.21206944444444445
0 0.35065625 0.25575 0.015601562499999999 0.02551388888888889
3 0.313421875 0.44254166666666667 0.057359375000000004 0.18599999999999997
3 0.35548437499999996 0.44379166666666664 0.0464296875 0.2579722222222222
3 0.3239296875 0.5919722222222222 0.078375 0.2209722222222222
3 0.3900234375 0.4706111111111111 0.0556171875 0.18890277777777775
3 0.439453125 0.4779166666666667 0.05290625 0.16418055555555555
3 0.4788046875 0.6311805555555555 0.0638984375 0.20450000000000002
3 0.519421875 0.3240416666666667 0.0552890625 0.14806944444444445
4 0.6100156250000001 0.27544444444444444 0.042460937500000004 0.18052777777777776
3 0.812453125 0.6915138888888889 0.0749453125 0.24183333333333334
3 0.7984140625 0.4224583333333334 0.0533828125 0.18519444444444444