7 0.7072760416666667 0.9275277777777778 0.02959895833333333 0.040212962962962964
7 0.7840052083333333 0.9264722222222223 0.0289375 0.04012962962962963
5 0.8566979166666666 0.9266481481481481 0.017765625 0.02736111111111111
2 0.8799843749999999 0.926962962962963 0.021708333333333333 0.03169444444444444
8 0.8274635416666667 0.9266574074074073 0.03314583333333333 0.031101851851851856
4 0.38703125 0.8088333333333333 0.047635416666666666 0.19358333333333333
3 0.30381250000000004 0.7381481481481482 0.04265625 0.2262962962962963
3 0.31859375 0.5622592592592592 0.059723958333333334 0.1634074074074074
0 0.34347916666666667 0.2379074074074074 0.015192708333333334 0.027101851851851853
1 0.33611979166666667 0.3110648148148148 0.029317708333333335 0.059444444444444446
3 0.43286979166666667 0.4214351851851852 0.03852083333333333 0.15626851851851853
3 0.41611458333333334 0.5021296296296296 0.067515625 0.19228703703703703
3 0.4967916666666667 0.5013703703703704 0.07021354166666667 0.21072222222222223
3 0.5154427083333333 0.3565555555555555 0.036203125 0.16324074074074074
3 0.65425 0.38707407407407407 0.05741145833333334 0.16874074074074075
3 0.7354895833333334 0.38811111111111113 0.04841145833333334 0.19645370370370369
3 0.6986458333333334 0.6239537037037037 0.05644791666666667 0.2237037037037037
4 0.8035625 0.36141666666666666 0.031968750000000004 0.15043518518518517