3 0.5534427083333333 0.5380648148148148 0.09907812499999999 0.19348148148148148
3 0.33768750000000003 0.40367592592592594 0.05119791666666666 0.18251851851851852
3 0.8790833333333333 0.5773796296296296 0.06665625 0.19225
3 0.5831666666666667 0.4401388888888889 0.053703125 0.18987037037037038
3 0.4463489583333333 0.3784166666666667 0.058192708333333336 0.20644444444444446
3 0.35663020833333337 0.6221481481481481 0.07690104166666667 0.17800000000000002
4 0.020833333333333332 0.5649537037037037 0.04166145833333333 0.2263888888888889
4 0.36157812500000003 0.7759444444444444 0.11170833333333333 0.23703703703703705
3 0.81984375 0.3498148148148148 0.040749999999999995 0.19940740740740742
3 0.36715625 0.6070833333333333 0.08590104166666666 0.18083333333333335
3 0.33208333333333334 0.31182407407407403 0.034234375000000004 0.10512037037037038
3 0.5086875 0.2811666666666667 0.047859375 0.18826851851851853
4 0.6646822916666667 0.30115740740740743 0.04527083333333334 0.19121296296296295
0 0.38190104166666666 0.6192685185185185 0.021374999999999998 0.03113888888888889
1 0.31145833333333334 0.24008333333333334 0.028401041666666668 0.061648148148148146
8 0.21396354166666667 0.8352592592592593 0.04590625 0.03348148148148148
2 0.15628645833333332 0.8381666666666667 0.04722395833333334 0.03560185185185186
7 0.14683854166666668 0.8846203703703703 0.02625 0.03960185185185185
7 0.27176562499999996 0.8818333333333334 0.028182291666666668 0.03774074074074074
5 0.2744739583333333 0.8367962962962963 0.029437500000000002 0.03655555555555555