2 0.879453125 0.926212962962963 0.020640625000000003 0.0302037037037037
5 0.856984375 0.9284722222222223 0.01736979166666667 0.027305555555555555
8 0.82578125 0.9255740740740741 0.027880208333333333 0.03632407407407407
7 0.783984375 0.9256574074074074 0.019557291666666664 0.04019444444444444
7 0.707171875 0.9261296296296296 0.024 0.04115740740740741
3 0.23809375 0.8462962962962963 0.081671875 0.3074074074074074
3 0.31821354166666665 0.5336481481481482 0.058583333333333334 0.28582407407407406
3 0.34116145833333333 0.5377777777777777 0.06905729166666667 0.3125925925925926
3 0.27229166666666665 0.5582314814814815 0.08340104166666666 0.2831296296296296
3 0.39234895833333333 0.5203518518518518 0.07768229166666667 0.2814537037037037
3 0.4956979166666667 0.7233796296296297 0.076046875 0.365287037037037
3 0.6736041666666667 0.6430370370370371 0.08810937499999999 0.28977777777777775
3 0.779984375 0.5260833333333333 0.059208333333333335 0.27068518518518514
3 0.8628697916666667 0.8242777777777778 0.11455729166666666 0.31893518518518515
4 0.32929166666666665 0.3051759259259259 0.03906770833333333 0.21775
4 0.36632291666666666 0.8888888888888888 0.07146354166666667 0.2222222222222222
1 0.36044791666666665 0.24775 0.03888020833333334 0.0880925925925926
0 0.3641875 0.23419444444444446 0.017197916666666667 0.035055555555555555