6 0.782453125 0.8490740740740741 0.045385416666666664 0.031490740740740736
6 0.78309375 0.8878055555555556 0.040421875 0.03857407407407407
7 0.8281510416666666 0.8490925925925926 0.028453125000000003 0.03521296296296297
7 0.8274739583333334 0.8886203703703704 0.027104166666666665 0.036500000000000005
8 0.8785989583333333 0.8472870370370371 0.043932291666666665 0.03531481481481481
2 0.8646197916666666 0.8911296296296296 0.024307291666666668 0.03040740740740741
5 0.8948020833333333 0.8888333333333334 0.019755208333333333 0.03235185185185185
4 0.6813333333333333 0.39070370370370366 0.04961979166666666 0.1808796296296296
4 0.10140104166666666 0.6149907407407408 0.04749479166666667 0.24055555555555558
3 0.21746875000000002 0.5645648148148148 0.059390625 0.24024074074074073
0 0.3103020833333333 0.40608333333333335 0.019489583333333334 0.034379629629629635
3 0.2919427083333333 0.4630185185185185 0.06841666666666667 0.1852962962962963
3 0.36300000000000004 0.4992962962962963 0.05311458333333333 0.21052777777777779
3 0.365265625 0.5445185185185185 0.044921875 0.25159259259259265
3 0.4301822916666667 0.5190925925925925 0.06017708333333334 0.2172037037037037
3 0.4141875 0.5284351851851852 0.06753645833333333 0.24204629629629631
3 0.5409843750000001 0.39382407407407405 0.0445 0.16008333333333333
3 0.5766510416666667 0.48546296296296293 0.0545 0.21784259259259262
1 0.3481302083333333 0.30846296296296294 0.036109375 0.06548148148148147