8 0.8262604166666667 0.9269166666666667 0.03719791666666667 0.03025925925925926
7 0.78140625 0.9248703703703703 0.02527604166666667 0.036083333333333335
2 0.8783124999999999 0.9243333333333333 0.020739583333333332 0.02838888888888889
5 0.8569895833333334 0.9273333333333333 0.019463541666666664 0.03244444444444444
7 0.7068281249999999 0.9237777777777777 0.023197916666666665 0.039685185185185184
0 0.16539583333333333 0.4089907407407407 0.015447916666666667 0.032796296296296296
3 0.14691666666666667 0.42796296296296293 0.051395833333333335 0.2485277777777778
4 0.28882291666666665 0.2887222222222222 0.037296875 0.21078703703703705
3 0.5381250000000001 0.39063888888888887 0.04840625 0.24425000000000002
3 0.8959791666666667 0.47675 0.06827604166666666 0.24610185185185188
3 0.57003125 0.6386203703703704 0.06429166666666666 0.25130555555555556
3 0.92825 0.43975000000000003 0.04114583333333333 0.2609722222222222
3 0.935171875 0.2722037037037037 0.057203125 0.21724074074074073
4 0.6369427083333333 0.840287037037037 0.05796875 0.27625925925925926