8 0.8262604166666667 0.9269166666666667 0.03719791666666667 0.03025925925925926
7 0.78140625 0.9248703703703703 0.02527604166666667 0.036083333333333335
2 0.8783124999999999 0.9243333333333333 0.020739583333333332 0.02838888888888889
5 0.8569895833333334 0.9273333333333333 0.019463541666666664 0.03244444444444444
7 0.70603125 0.9237777777777777 0.024526041666666668 0.039685185185185184
3 0.15462499999999998 0.7309814814814816 0.06019270833333333 0.1974074074074074
3 0.32930208333333333 0.5106851851851851 0.06877083333333332 0.2039074074074074
1 0.34036458333333336 0.29180555555555554 0.02988020833333333 0.05979629629629629
4 0.33981770833333336 0.3375648148148148 0.025812500000000002 0.15925925925925927
3 0.38306250000000003 0.46339814814814817 0.055760416666666666 0.2151574074074074
3 0.43420312499999997 0.4874259259259259 0.03750520833333334 0.21030555555555555
3 0.47546875 0.5186759259259259 0.04116145833333333 0.19608333333333333
3 0.5128333333333334 0.6545555555555556 0.062322916666666665 0.2025462962962963
3 0.5501979166666667 0.7394722222222222 0.05818229166666666 0.21174074074074076
4 0.35644791666666664 0.7835092592592593 0.050145833333333334 0.194
3 0.7010000000000001 0.42603703703703705 0.03538541666666666 0.18012037037037038
3 0.7449010416666667 0.4202685185185185 0.053244791666666666 0.19503703703703704
4 0.8961406249999999 0.3637962962962963 0.06703125 0.16146296296296295
4 0.8845104166666666 0.6063611111111111 0.05716666666666667 0.2206574074074074