6 0.356 0.8445416666666667 0.090640625 0.02640277777777778
8 0.4984375 0.8492777777777778 0.03959375 0.029069444444444443
5 0.4838984375 0.8795277777777778 0.020546875 0.028902777777777777
2 0.511234375 0.8789166666666668 0.0261171875 0.02766666666666667
7 0.5587109375 0.8651527777777778 0.0400625 0.052555555555555564
6 0.6161328125 0.844 0.0337890625 0.024319444444444446
4 0.91190625 0.6765138888888889 0.06715625 0.27366666666666667
1 0.5828125 0.17256944444444444 0.0398125 0.07927777777777778
3 0.5995078125 0.44433333333333336 0.059804687499999995 0.2497638888888889
3 0.5963984375 0.5406666666666666 0.060289062500000004 0.28370833333333334
3 0.3627421875 0.4700138888888889 0.079578125 0.2575
3 0.40065625000000005 0.6903055555555555 0.1174609375 0.21395833333333336
3 0.08838281249999999 0.4482083333333333 0.09782031249999999 0.26148611111111114
3 0.1577734375 0.5132777777777778 0.0892890625 0.27258333333333334