4 0.23370312499999998 0.2946944444444445 0.04425 0.18043055555555554
4 0.8724999999999999 0.28305555555555556 0.0631328125 0.20301388888888888
3 0.914859375 0.6303194444444444 0.10725 0.2510972222222222
3 0.7863749999999999 0.5464027777777778 0.0695078125 0.26180555555555557
3 0.4441171875 0.4738611111111111 0.0512734375 0.19429166666666664
4 0.2941953125 0.7690694444444445 0.052414062500000004 0.17373611111111112
0 0.44517968750000003 0.4515694444444444 0.016710937500000002 0.034361111111111106
6 0.356546875 0.8442500000000001 0.0876484375 0.017569444444444447
6 0.6164296874999999 0.8439027777777778 0.0341015625 0.02326388888888889
8 0.49928906250000005 0.8497500000000001 0.036601562500000004 0.028569444444444446
5 0.48390625 0.8795277777777778 0.017859375 0.024
2 0.5113359375 0.8797638888888888 0.02584375 0.022347222222222223
7 0.4413125 0.8646111111111111 0.0432421875 0.051861111111111115
7 0.55965625 0.8635 0.04315625 0.051791666666666666
1 0.31375000000000003 0.21645833333333334 0.038234375 0.08143055555555556
3 0.2932578125 0.5346527777777778 0.0678359375 0.23994444444444443
3 0.3814609375 0.4221944444444445 0.08352343749999999 0.2412083333333333
3 0.399359375 0.5368888888888889 0.061296874999999994 0.24043055555555556
3 0.42201562499999995 0.4520972222222222 0.0351796875 0.17801388888888886
3 0.4786015625 0.41277777777777774 0.07021875 0.19459722222222225
3 0.4964140625 0.526125 0.0969296875 0.23875000000000002