7 0.1802291666666667 0.848037037037037 0.0471875 0.05162037037037037
7 0.11982291666666667 0.8501018518518518 0.04721354166666667 0.0483425925925926
2 0.07146875 0.9443148148148148 0.09008333333333333 0.033074074074074075
8 0.22417708333333333 0.9448240740740741 0.028838541666666665 0.03037962962962963
4 0.20877083333333332 0.7073981481481482 0.04177083333333333 0.20738888888888887
0 0.3822604166666667 0.3786203703703704 0.022093750000000002 0.03871296296296296
1 0.3894375 0.37197222222222226 0.042692708333333336 0.07726851851851853
3 0.44507291666666665 0.5270555555555556 0.05395833333333333 0.2985648148148148
3 0.6744166666666668 0.3764722222222222 0.04390625 0.2381203703703704
3 0.829046875 0.850925925925926 0.055239583333333335 0.29814814814814816
3 0.38540104166666667 0.6852314814814814 0.06937499999999999 0.2926944444444445
3 0.32292187499999997 0.8431296296296297 0.101328125 0.18996296296296297
4 0.8870885416666667 0.3876574074074074 0.058828125 0.2530925925925926