2 0.879453125 0.926212962962963 0.020640625000000003 0.0302037037037037
5 0.856984375 0.9284722222222223 0.01736979166666667 0.027305555555555555
8 0.8267291666666666 0.925675925925926 0.03455729166666666 0.03762037037037037
7 0.783984375 0.9256574074074074 0.019557291666666664 0.04019444444444444
7 0.707171875 0.9261296296296296 0.024 0.04115740740740741
1 0.7799322916666667 0.2966111111111111 0.03202083333333333 0.05617592592592593
3 0.722546875 0.5320555555555556 0.06723958333333332 0.2233611111111111
3 0.6752291666666667 0.6273148148148148 0.078859375 0.3583425925925926
0 0.26030729166666666 0.5041944444444444 0.019848958333333333 0.02689814814814815
3 0.2828072916666667 0.5228055555555555 0.06485416666666667 0.14191666666666666
3 0.3294635416666667 0.519611111111111 0.035250000000000004 0.14291666666666666
3 0.35597395833333334 0.5001944444444445 0.0799375 0.1818611111111111
3 0.31401562499999996 0.6171944444444445 0.10434375 0.34180555555555553
3 0.463890625 0.5220462962962963 0.062427083333333334 0.15890740740740741
3 0.47410416666666666 0.5502037037037038 0.08285416666666667 0.23004629629629628
3 0.6272916666666667 0.5578703703703703 0.07464583333333333 0.2712962962962963
4 0.9715468749999999 0.6061481481481481 0.05691145833333333 0.2900648148148148