6 0.3556875 0.8453194444444444 0.0886953125 0.021444444444444443
7 0.44067968750000003 0.8645 0.0399296875 0.049722222222222216
8 0.4996875 0.8493055555555555 0.0443125 0.029430555555555557
2 0.5117265625 0.8801666666666667 0.025773437500000003 0.020430555555555556
5 0.485453125 0.8805000000000001 0.0186796875 0.023625000000000004
7 0.55953125 0.8640277777777778 0.044671875 0.05380555555555556
6 0.616859375 0.8435694444444445 0.03434375 0.023
4 0.018953125 0.5861388888888889 0.034859375 0.24370833333333333
1 0.338484375 0.17170833333333332 0.037679687499999996 0.07459722222222222
4 0.6303828125 0.7125555555555555 0.0679765625 0.202875
4 0.8104765625000001 0.21109722222222224 0.0442421875 0.20791666666666664
3 0.6838124999999999 0.46930555555555553 0.054304687500000004 0.2520972222222222
3 0.5576171875 0.44884722222222223 0.056382812500000004 0.23895833333333336
3 0.524234375 0.37794444444444447 0.0631328125 0.21225
3 0.5506875 0.35959722222222223 0.053679687499999997 0.2152361111111111
3 0.5107421875 0.4298888888888889 0.0898671875 0.20897222222222223
3 0.430765625 0.3718194444444444 0.0772265625 0.18806944444444443
3 0.42692968750000004 0.26211111111111113 0.06509374999999999 0.21469444444444447
3 0.4291171875 0.5612916666666666 0.06053125 0.2614722222222222
3 0.2096171875 0.6696805555555556 0.0523359375 0.23195833333333332