0 0.3692578125 0.65825 0.0234140625 0.042694444444444445
4 0.156046875 0.7619166666666667 0.070203125 0.26193055555555556
4 0.340734375 0.13680555555555557 0.040023437499999995 0.19822222222222222
3 0.41278125 0.21747222222222223 0.0769765625 0.23654166666666668
3 0.5450390625 0.2593333333333333 0.042390625 0.22897222222222224
3 0.6321953125 0.446 0.06936718750000001 0.26502777777777775
3 0.617703125 0.469625 0.087265625 0.26069444444444445
3 0.5723515625 0.508 0.07468749999999999 0.2779027777777778
3 0.70921875 0.49675 0.06046875 0.29906944444444444
3 0.4286875 0.5976527777777778 0.110515625 0.19927777777777778
3 0.37479687500000003 0.6152222222222222 0.10814062499999999 0.23838888888888887
3 0.248640625 0.4899722222222222 0.079046875 0.237875
3 0.15814843750000002 0.5453055555555556 0.0632421875 0.25729166666666664
1 0.75771875 0.12518055555555554 0.0436328125 0.0916388888888889
6 0.354296875 0.8452638888888889 0.0872421875 0.03179166666666667
6 0.617203125 0.8422916666666668 0.034921875000000005 0.021875
7 0.5600390625 0.862638888888889 0.0433671875 0.050680555555555555
7 0.44210937499999997 0.865388888888889 0.04634375 0.060152777777777784
8 0.500234375 0.8490555555555557 0.050984375000000005 0.03143055555555555
5 0.48479687499999996 0.8787638888888889 0.022343750000000002 0.03134722222222222
2 0.5116562499999999 0.8796527777777778 0.026968750000000003 0.029152777777777774