7 0.7072760416666667 0.9275277777777778 0.02959895833333333 0.040212962962962964
7 0.7840052083333333 0.9264722222222223 0.0289375 0.04012962962962963
5 0.8566979166666666 0.9266481481481481 0.017765625 0.02736111111111111
2 0.8799843749999999 0.926962962962963 0.021708333333333333 0.03169444444444444
8 0.8274635416666667 0.9266574074074073 0.03314583333333333 0.031101851851851856
4 0.530546875 0.9092592592592592 0.08325 0.1814814814814815
4 0.832015625 0.680537037037037 0.07577083333333333 0.3018148148148148
3 0.8340104166666666 0.8777777777777778 0.08183854166666667 0.24444444444444444
3 0.6100625 0.6454351851851853 0.06727604166666666 0.3575277777777778
3 0.49678125 0.6222685185185185 0.05113541666666667 0.32972222222222225
3 0.30531250000000004 0.4340185185185185 0.07444270833333334 0.2902592592592593
3 0.33601041666666664 0.28073148148148147 0.05250520833333334 0.2503518518518518
3 0.3786614583333333 0.43034259259259255 0.06697395833333333 0.29030555555555554
3 0.44080729166666666 0.34209259259259256 0.037098958333333334 0.28419444444444447
3 0.527109375 0.4454537037037037 0.07220833333333333 0.3168240740740741
0 0.6008072916666667 0.3279722222222222 0.020630208333333334 0.038657407407407404
3 0.6188489583333333 0.5197962962962963 0.05660416666666667 0.2906296296296296
3 0.5844166666666666 0.5093518518518518 0.049192708333333335 0.3335092592592593
1 0.6040520833333333 0.2180462962962963 0.04483333333333333 0.07994444444444444