2 0.879453125 0.926212962962963 0.020640625000000003 0.0302037037037037
5 0.856984375 0.9284722222222223 0.01736979166666667 0.027305555555555555
8 0.82578125 0.9255740740740741 0.027880208333333333 0.03632407407407407
7 0.783984375 0.9256574074074074 0.019557291666666664 0.04019444444444444
7 0.707171875 0.9261296296296296 0.024 0.04115740740740741
3 0.7339687500000001 0.5976666666666667 0.085921875 0.3027407407407407
3 0.6887083333333333 0.4252592592592592 0.055817708333333334 0.25050925925925926
3 0.6661510416666666 0.43880555555555556 0.06904166666666667 0.2776111111111111
3 0.5944270833333333 0.5854166666666667 0.10058854166666667 0.21899074074074074
3 0.6453541666666667 0.6729444444444445 0.07119791666666667 0.3014351851851852
3 0.24853125 0.658611111111111 0.08796354166666666 0.25425
3 0.15451562500000002 0.8161666666666667 0.08534895833333334 0.33233333333333337
3 0.109734375 0.5026018518518518 0.104125 0.24225
3 0.19171354166666665 0.41480555555555554 0.07849479166666667 0.25183333333333335
0 0.5385677083333333 0.6911018518518518 0.022203125 0.03776851851851852
1 0.6938645833333333 0.26139814814814816 0.04530208333333333 0.0776111111111111