7 0.7072760416666667 0.9275277777777778 0.02959895833333333 0.040212962962962964
7 0.7840052083333333 0.9264722222222223 0.0289375 0.04012962962962963
5 0.8566979166666666 0.9266481481481481 0.017765625 0.02736111111111111
2 0.8799843749999999 0.926962962962963 0.021708333333333333 0.03169444444444444
8 0.8274635416666667 0.9266574074074073 0.03314583333333333 0.031101851851851856
4 0.3121145833333333 0.9046296296296297 0.06513020833333333 0.19074074074074074
0 0.8618385416666666 0.5411481481481482 0.020677083333333336 0.033462962962962965
3 0.8936302083333333 0.700287037037037 0.06910416666666667 0.26589814814814816
4 0.8899010416666666 0.39914814814814814 0.03963020833333333 0.18046296296296296
3 0.7666666666666667 0.44363888888888886 0.06328645833333334 0.23575925925925925
3 0.694875 0.48004629629629636 0.06364583333333333 0.21598148148148147
3 0.538953125 0.3589907407407407 0.08134895833333333 0.17757407407407408
3 0.44522395833333334 0.39924074074074073 0.049192708333333335 0.21766666666666667
3 0.334375 0.6286481481481482 0.06707291666666666 0.29264814814814816
3 0.3738489583333333 0.5701851851851851 0.060796875 0.24305555555555555
3 0.49238020833333335 0.6026111111111112 0.053536458333333335 0.26413888888888887
3 0.6317447916666666 0.7661574074074075 0.113515625 0.2747407407407408
3 0.19524479166666667 0.6544259259259259 0.046390625 0.25328703703703703
1 0.28259895833333337 0.31963888888888886 0.039286458333333336 0.07362962962962963
4 0.2073125 0.41957407407407404 0.046848958333333336 0.2112037037037037