2 0.879453125 0.926212962962963 0.020640625000000003 0.0302037037037037
5 0.856984375 0.9284722222222223 0.01736979166666667 0.027305555555555555
8 0.8267291666666666 0.925675925925926 0.03455729166666666 0.03762037037037037
7 0.783984375 0.9256574074074074 0.019557291666666664 0.04019444444444444
7 0.707171875 0.9261296296296296 0.024 0.04115740740740741
0 0.42360416666666667 0.6518981481481481 0.019359375 0.03342592592592593
4 0.326953125 0.7689814814814815 0.06355729166666667 0.2120277777777778
4 0.30205729166666667 0.30559259259259264 0.0304375 0.1482314814814815
1 0.2983854166666667 0.26487037037037037 0.031427083333333335 0.06678703703703703
4 0.871328125 0.3281296296296296 0.04814583333333333 0.1673611111111111
3 0.7713645833333334 0.4428333333333333 0.054468749999999996 0.219
3 0.6482760416666667 0.46169444444444446 0.054125 0.19746296296296295
3 0.45769791666666665 0.6157037037037038 0.08338020833333333 0.16475
3 0.36875 0.5739166666666667 0.053359375 0.18116666666666667
3 0.34904166666666664 0.5797592592592592 0.032734375 0.23728703703703702
3 0.4075052083333333 0.31916666666666665 0.03507291666666667 0.1642685185185185
3 0.42639062499999997 0.338 0.06868229166666667 0.14637962962962964
3 0.4673072916666667 0.3598240740740741 0.06926562500000001 0.17149074074074075
3 0.43205208333333334 0.39568518518518514 0.048755208333333334 0.17285185185185187