6 0.355515625 0.8448611111111111 0.08834375 0.020541666666666666
6 0.616171875 0.8441111111111111 0.034375 0.021569444444444443
7 0.44044531249999996 0.86475 0.0387265625 0.050194444444444444
7 0.5587109375 0.8644166666666666 0.040195312500000004 0.05205555555555555
8 0.4986171875 0.8495 0.0378984375 0.029791666666666664
5 0.48404687500000004 0.8798888888888888 0.0193671875 0.028847222222222222
2 0.5119374999999999 0.8800416666666666 0.0190859375 0.025236111111111112
0 0.5110390625 0.37581944444444443 0.019015625 0.03340277777777778
3 0.47466406250000004 0.40447222222222223 0.0556484375 0.21769444444444447
4 0.20392968749999998 0.2298888888888889 0.0699921875 0.197875
4 0.9505078125 0.7487083333333334 0.081 0.2355277777777778
3 0.5677890624999999 0.24063888888888887 0.040999999999999995 0.19555555555555557
3 0.42974218750000004 0.563875 0.09303125 0.2547361111111111
3 0.4846328125 0.6315972222222223 0.09567187499999999 0.25127777777777777
3 0.3402578125 0.42215277777777777 0.108265625 0.22923611111111114
3 0.24769531250000001 0.4144861111111111 0.059304687499999995 0.22977777777777778
3 0.14115625 0.5455277777777777 0.060046875 0.24979166666666666
3 0.687421875 0.40831944444444446 0.0659921875 0.2095