3 0.7830677083333334 0.47207407407407403 0.09661979166666666 0.2404351851851852
3 0.7290572916666667 0.4509722222222222 0.061609375 0.2389814814814815
4 0.8207187499999999 0.2818981481481481 0.08441666666666667 0.1893425925925926
4 0.29863541666666665 0.8694444444444445 0.100671875 0.2611111111111111
7 0.33007291666666666 0.9352037037037036 0.038552083333333334 0.040768518518518516
7 0.15857291666666665 0.9326574074074074 0.037218749999999995 0.043083333333333335
2 0.378671875 0.9365092592592592 0.02949479166666667 0.03969444444444444
8 0.4288177083333334 0.936425925925926 0.050619791666666664 0.04691666666666667
5 0.47895312500000004 0.939037037037037 0.030057291666666666 0.03732407407407408
3 0.7661979166666666 0.8315648148148148 0.07954687499999999 0.31497222222222226
3 0.42904166666666665 0.6469444444444444 0.08022916666666666 0.2383425925925926
0 0.4689166666666667 0.6037037037037037 0.022489583333333334 0.048157407407407406
3 0.428765625 0.5316481481481481 0.12760416666666666 0.23737962962962963
3 0.34251041666666665 0.6601666666666667 0.163421875 0.22402777777777777
3 0.840203125 0.5918981481481481 0.09005208333333334 0.27637962962962964