2 0.879453125 0.926212962962963 0.020640625000000003 0.0302037037037037
5 0.856984375 0.9284722222222223 0.01736979166666667 0.027305555555555555
8 0.8267291666666666 0.925675925925926 0.03455729166666666 0.03762037037037037
7 0.7847916666666667 0.9251018518518519 0.03260416666666667 0.036537037037037035
7 0.7078385416666666 0.9251851851851852 0.033984375 0.04014814814814815
3 0.44145833333333334 0.5853148148148148 0.07589583333333333 0.28175
0 0.506421875 0.38834259259259263 0.016244791666666668 0.028537037037037038
1 0.37032291666666667 0.3314722222222222 0.038302083333333334 0.07334259259259258
4 0.292109375 0.4065462962962963 0.04803645833333334 0.19828703703703704
4 0.5956979166666667 0.9425925925925925 0.06354166666666666 0.11481481481481481
3 0.5254322916666667 0.6728703703703705 0.060520833333333336 0.2716574074074074
3 0.556515625 0.5461481481481482 0.045598958333333335 0.1774814814814815
3 0.5956927083333333 0.524712962962963 0.07395312500000001 0.19387037037037036
3 0.5951927083333334 0.6968425925925926 0.05003125 0.2899814814814815
3 0.8160416666666667 0.41161111111111115 0.054234374999999994 0.24174999999999996
3 0.5543229166666667 0.4144537037037037 0.09121354166666666 0.21410185185185185
3 0.49756770833333336 0.3797685185185185 0.05686979166666666 0.14472222222222222