4 0.29289583333333336 0.3321574074074074 0.03178645833333334 0.15675
3 0.5825260416666667 0.5869444444444444 0.08061458333333334 0.17951851851851852
4 0.40204166666666663 0.7183425925925926 0.03625 0.15796296296296294
3 0.7272708333333333 0.39361111111111113 0.02713541666666667 0.1515462962962963
3 0.5320572916666666 0.607537037037037 0.057005208333333335 0.2041851851851852
4 0.8760364583333333 0.3405740740740741 0.02773958333333333 0.15468518518518518
1 0.334953125 0.2583796296296296 0.023916666666666666 0.049324074074074076
6 0.34061979166666667 0.9045462962962962 0.046265625 0.03262962962962963
6 0.4788854166666667 0.906712962962963 0.050749999999999997 0.03565740740740741
7 0.41045833333333337 0.9052222222222223 0.06598958333333334 0.03637037037037037
7 0.5498385416666667 0.9068518518518518 0.0635 0.035925925925925924
2 0.6131927083333333 0.9060555555555555 0.028234375 0.031842592592592596
8 0.67715625 0.9083796296296296 0.058562499999999997 0.029740740740740738
5 0.7394739583333333 0.9084722222222222 0.019848958333333333 0.03175925925925926
3 0.44440625 0.32628703703703704 0.04846875 0.16368518518518518
3 0.4843385416666666 0.2894074074074074 0.047078125 0.16030555555555556
3 0.561734375 0.28802777777777777 0.035203125 0.1464259259259259
3 0.5119427083333333 0.372287037037037 0.050203125 0.16310185185185186
3 0.559875 0.44104629629629627 0.06272916666666667 0.14505555555555555
3 0.6135989583333333 0.5042685185185185 0.05559895833333333 0.19002777777777777
3 0.6416406250000001 0.4947777777777778 0.0491875 0.20065740740740742