3 0.026916666666666665 0.5859722222222222 0.05306770833333333 0.2682407407407407
3 0.06110416666666666 0.81725 0.0964375 0.2937592592592593
3 0.20406770833333335 0.638361111111111 0.04070833333333333 0.2804166666666667
3 0.3828697916666667 0.39996296296296296 0.05872395833333333 0.21844444444444444
3 0.39428124999999997 0.4739722222222222 0.075296875 0.24053703703703702
4 0.5654270833333332 0.30000925925925925 0.03425520833333333 0.19261111111111112
3 0.7212968750000001 0.48100925925925925 0.09468750000000001 0.21757407407407406
0 0.5320208333333334 0.4654722222222222 0.021609375 0.03267592592592593
1 0.5538854166666667 0.2511574074074074 0.043229166666666666 0.07110185185185186
7 0.8409010416666667 0.7953425925925927 0.029755208333333335 0.04747222222222223
7 0.922296875 0.7946944444444445 0.04093229166666667 0.05236111111111111
2 0.8158385416666667 0.8880833333333333 0.03286979166666667 0.03130555555555556
8 0.8655104166666666 0.887287037037037 0.039625 0.03177777777777778
5 0.9276927083333334 0.8863518518518518 0.029729166666666664 0.031962962962962964