0 0.32503125 0.7153703703703704 0.02221875 0.03814814814814815
3 0.3966041666666667 0.6911574074074075 0.08827604166666667 0.2786018518518518
3 0.5705260416666668 0.5005555555555555 0.10069791666666666 0.2159259259259259
3 0.8891666666666667 0.6906111111111112 0.0963125 0.27750925925925923
3 0.9570104166666666 0.4637222222222222 0.08060937500000001 0.2533611111111111
4 0.7974374999999999 0.8731481481481481 0.06493750000000001 0.2537037037037037
7 0.7082083333333333 0.9276666666666666 0.01982291666666667 0.040518518518518516
7 0.7832447916666666 0.9254444444444445 0.0240625 0.03977777777777778
8 0.8264479166666666 0.9281296296296296 0.029208333333333333 0.03033333333333333
5 0.8572604166666667 0.9274907407407408 0.020005208333333333 0.029055555555555553
2 0.879765625 0.9272685185185185 0.021265625 0.026907407407407408