4 0.3112421875 0.24918055555555554 0.0747890625 0.23644444444444446
3 0.18948437499999998 0.4780138888888889 0.101359375 0.24175
0 0.2319765625 0.5164583333333334 0.02340625 0.04084722222222222
3 0.72934375 0.6088749999999999 0.12081249999999999 0.3010833333333333
3 0.8889374999999999 0.5304444444444445 0.06499218749999999 0.28706944444444443
6 0.3553359375 0.8444444444444444 0.0893203125 0.030166666666666665
6 0.6164609375000001 0.8433194444444445 0.035671875 0.023930555555555556
7 0.5581875000000001 0.8644583333333333 0.044125 0.05431944444444444
7 0.44019531250000005 0.8645416666666667 0.04475 0.0545
8 0.4994921875 0.848013888888889 0.0472734375 0.03729166666666667
5 0.48539843749999995 0.8779166666666667 0.0213125 0.03272222222222222
2 0.5115078125 0.8808194444444445 0.029984375 0.030194444444444444