6 0.35647656250000004 0.8445277777777777 0.08885937499999999 0.019875
7 0.4413046875 0.8648611111111112 0.0227109375 0.052958333333333336
5 0.485171875 0.8804861111111112 0.019539062500000003 0.026125
2 0.5118828125 0.88075 0.020398437499999998 0.021583333333333333
8 0.499328125 0.8494583333333333 0.0464296875 0.027208333333333334
7 0.5590234374999999 0.8655416666666668 0.0365625 0.051791666666666666
6 0.61690625 0.8430416666666667 0.0344296875 0.021958333333333333
1 0.2947734375 0.20441666666666666 0.037390625 0.07154166666666667
4 0.2220859375 0.28923611111111114 0.0460234375 0.1975138888888889
3 0.32992187500000003 0.394375 0.0764296875 0.22526388888888887
3 0.352890625 0.2611805555555556 0.042015625 0.18902777777777777
3 0.381703125 0.4126527777777778 0.0460625 0.23008333333333333
4 0.5027109375000001 0.7360694444444444 0.0514765625 0.12688888888888888
3 0.3545390625 0.6050277777777778 0.0586953125 0.21004166666666665
3 0.34946875 0.6982916666666666 0.048570312500000004 0.20213888888888887
3 0.562328125 0.3219444444444445 0.10375000000000001 0.1795972222222222
3 0.6422890625 0.4540138888888889 0.04715625 0.20168055555555556
4 0.8174609374999999 0.24104166666666668 0.045125 0.19241666666666665
3 0.8157109374999999 0.5748472222222222 0.0613984375 0.24491666666666667
3 0.6976484375 0.5366666666666666 0.0462578125 0.23602777777777778
0 0.76425 0.32919444444444446 0.015617187499999999 0.028777777777777777
3 0.7765 0.3617361111111111 0.0557421875 0.2123611111111111