4 0.5711822916666667 0.9037037037037037 0.058265625 0.1925925925925926
1 0.49208854166666666 0.33481481481481484 0.045135416666666664 0.07643518518518519
3 0.30850000000000005 0.6938981481481481 0.08498437499999999 0.25075925925925924
3 0.4696197916666666 0.5754074074074075 0.036390625 0.27674074074074073
3 0.4755572916666667 0.6608333333333334 0.067015625 0.3031388888888889
3 0.637015625 0.5924444444444444 0.05660416666666667 0.28119444444444447
3 0.6807760416666666 0.3991851851851852 0.031614583333333335 0.2131851851851852
3 0.6614062500000001 0.4343240740740741 0.06163541666666667 0.23530555555555555
3 0.9089895833333334 0.6094444444444445 0.05888020833333333 0.3003611111111111
0 0.48272395833333337 0.34008333333333335 0.020046875000000002 0.03587962962962963
6 0.7823020833333333 0.8487870370370371 0.044598958333333334 0.02626851851851852
6 0.782671875 0.8883518518518518 0.03752083333333334 0.03133333333333334
7 0.827515625 0.8499074074074073 0.025651041666666666 0.030824074074074073
7 0.8268541666666667 0.8897314814814814 0.025625000000000002 0.03409259259259259
8 0.8765364583333334 0.8469444444444445 0.039052083333333334 0.029537037037037035
2 0.8643593749999999 0.8913333333333333 0.022515624999999997 0.025722222222222223
5 0.8934114583333332 0.8896666666666667 0.020723958333333334 0.027018518518518518