7 0.707921875 0.9275092592592593 0.021307291666666665 0.040212962962962964
7 0.7824739583333333 0.9273518518518519 0.021437499999999998 0.04012962962962963
5 0.8571822916666666 0.9266481481481481 0.017765625 0.02736111111111111
2 0.8799843749999999 0.926962962962963 0.021708333333333333 0.03169444444444444
8 0.8269895833333333 0.9266574074074073 0.03655208333333334 0.031101851851851856
1 0.25914583333333335 0.2984907407407407 0.029531250000000002 0.05067592592592592
3 0.36286979166666666 0.32387962962962963 0.037760416666666664 0.12230555555555556
4 0.14568229166666666 0.4890555555555555 0.04088020833333333 0.18875
4 0.28778125 0.8008425925925926 0.04774479166666667 0.2081574074074074
4 0.798046875 0.36426851851851855 0.025302083333333333 0.14752777777777779
3 0.7372083333333334 0.4418703703703704 0.046859375 0.16847222222222222
3 0.6495520833333334 0.5249907407407407 0.057734375 0.1865462962962963
3 0.6287760416666667 0.542287037037037 0.03571354166666666 0.18874074074074074
3 0.5047135416666666 0.5253981481481481 0.04801041666666667 0.19431481481481483
3 0.6079895833333333 0.6949166666666666 0.06967187500000001 0.20001851851851854
3 0.6688020833333332 0.700398148148148 0.0793125 0.24339814814814814
0 0.7106927083333333 0.6230092592592593 0.015958333333333335 0.030740740740740742
3 0.09703645833333334 0.72225 0.05427083333333334 0.21533333333333335
3 0.237671875 0.6463611111111112 0.046473958333333336 0.21400925925925926
3 0.33923958333333337 0.4293611111111111 0.026963541666666667 0.17585185185185184